{
 "cells": [
  {
   "cell_type": "code",
   "execution_count": 1,
   "metadata": {},
   "outputs": [],
   "source": [
    "import numpy as np\n",
    "import pandas as pd\n",
    "import itertools as it\n",
    "import pickle\n",
    "from scipy.stats import ttest_ind\n",
    "import matplotlib.pyplot as plt\n",
    "import numdifftools as nd"
   ]
  },
  {
   "cell_type": "markdown",
   "metadata": {},
   "source": [
    "# Read results"
   ]
  },
  {
   "cell_type": "code",
   "execution_count": 2,
   "metadata": {},
   "outputs": [],
   "source": [
    "methods = ['mcmc_flat', 'mcmc_inter', 'mcmc_intra', 'msle_intra']\n",
    "methods_pretty = {\n",
    "    'mcmc_flat': 'MNL (MCMC)',\n",
    "    'mcmc_inter': 'MXL-inter (MCMC)',\n",
    "    'mcmc_intra': 'MXL-inter-intra (MCMC)',\n",
    "    'msle_intra': 'MXL-inter-intra (MSL)'\n",
    "}\n",
    "R = 10\n",
    "\n",
    "metrics = [\n",
    "    'time',\n",
    "    'probB_chosen_plugin',\n",
    "    'probW_chosen_plugin',\n",
    "    'brierB_plugin', 'brierW_plugin'\n",
    "    ]\n",
    "\n",
    "n_p = len(methods) * R\n",
    "df_results = pd.DataFrame(index=np.arange(n_p),\n",
    "                          columns=[\n",
    "                              'r', 'method',\n",
    "                              *metrics\n",
    "                              ])\n",
    "\n",
    "i = -1\n",
    "for m, r in it.product(methods, np.arange(R)):\n",
    "    i += 1\n",
    "    \n",
    "    #Load results\n",
    "    filename = 'results_route_{}_r{}'.format(m,r)\n",
    "    try:\n",
    "        infile = open(filename, 'rb')\n",
    "        res_tmp = pickle.load(infile)[0]\n",
    "        infile.close()\n",
    "        \n",
    "        #Store results\n",
    "        df_results['r'].iloc[i] = r\n",
    "        df_results['method'].iloc[i] = m\n",
    "\n",
    "        df_results['time'].iloc[i] = res_tmp['time']\n",
    "\n",
    "        if m != 'msle_intra':\n",
    "\n",
    "            df_results['probB_chosen_plugin'].iloc[i] = res_tmp['probB_chosen_plugin']\n",
    "            df_results['probW_chosen_plugin'].iloc[i] = res_tmp['probW_chosen_plugin']\n",
    "\n",
    "            df_results['brierB_plugin'].iloc[i] = res_tmp['brierB_plugin']\n",
    "            df_results['brierW_plugin'].iloc[i] = res_tmp['brierW_plugin']\n",
    "    except:\n",
    "        print(filename, \" does not exist.\")"
   ]
  },
  {
   "cell_type": "markdown",
   "metadata": {},
   "source": [
    "# Aggregate results"
   ]
  },
  {
   "cell_type": "code",
   "execution_count": 3,
   "metadata": {},
   "outputs": [
    {
     "data": {
      "text/html": [
       "<div>\n",
       "<style scoped>\n",
       "    .dataframe tbody tr th:only-of-type {\n",
       "        vertical-align: middle;\n",
       "    }\n",
       "\n",
       "    .dataframe tbody tr th {\n",
       "        vertical-align: top;\n",
       "    }\n",
       "\n",
       "    .dataframe thead th {\n",
       "        text-align: right;\n",
       "    }\n",
       "</style>\n",
       "<table border=\"1\" class=\"dataframe\">\n",
       "  <thead>\n",
       "    <tr style=\"text-align: right;\">\n",
       "      <th></th>\n",
       "      <th>method</th>\n",
       "      <th>time</th>\n",
       "      <th>probB_chosen_plugin</th>\n",
       "      <th>probW_chosen_plugin</th>\n",
       "      <th>brierB_plugin</th>\n",
       "      <th>brierW_plugin</th>\n",
       "    </tr>\n",
       "  </thead>\n",
       "  <tbody>\n",
       "    <tr>\n",
       "      <th>0</th>\n",
       "      <td>mcmc_flat</td>\n",
       "      <td>89.034809</td>\n",
       "      <td>0.561729</td>\n",
       "      <td>0.570890</td>\n",
       "      <td>0.221393</td>\n",
       "      <td>0.214265</td>\n",
       "    </tr>\n",
       "    <tr>\n",
       "      <th>1</th>\n",
       "      <td>mcmc_inter</td>\n",
       "      <td>312.479245</td>\n",
       "      <td>0.561311</td>\n",
       "      <td>0.646561</td>\n",
       "      <td>0.221667</td>\n",
       "      <td>0.183322</td>\n",
       "    </tr>\n",
       "    <tr>\n",
       "      <th>2</th>\n",
       "      <td>mcmc_intra</td>\n",
       "      <td>2971.485434</td>\n",
       "      <td>0.561162</td>\n",
       "      <td>0.645620</td>\n",
       "      <td>0.221595</td>\n",
       "      <td>0.183380</td>\n",
       "    </tr>\n",
       "    <tr>\n",
       "      <th>3</th>\n",
       "      <td>msle_intra</td>\n",
       "      <td>7389.498293</td>\n",
       "      <td>NaN</td>\n",
       "      <td>NaN</td>\n",
       "      <td>NaN</td>\n",
       "      <td>NaN</td>\n",
       "    </tr>\n",
       "  </tbody>\n",
       "</table>\n",
       "</div>"
      ],
      "text/plain": [
       "       method         time  probB_chosen_plugin  probW_chosen_plugin  \\\n",
       "0   mcmc_flat    89.034809             0.561729             0.570890   \n",
       "1  mcmc_inter   312.479245             0.561311             0.646561   \n",
       "2  mcmc_intra  2971.485434             0.561162             0.645620   \n",
       "3  msle_intra  7389.498293                  NaN                  NaN   \n",
       "\n",
       "   brierB_plugin  brierW_plugin  \n",
       "0       0.221393       0.214265  \n",
       "1       0.221667       0.183322  \n",
       "2       0.221595       0.183380  \n",
       "3            NaN            NaN  "
      ]
     },
     "execution_count": 3,
     "metadata": {},
     "output_type": "execute_result"
    }
   ],
   "source": [
    "df_results[metrics] = df_results[metrics].astype('float')\n",
    "\n",
    "stats = ['Mean', 'SE [\\%]']\n",
    "stats_func = {\n",
    "    'Mean': lambda x: x.mean(),\n",
    "    'SE [\\%]': lambda x: x.std() / np.sqrt(x.size) if x.name == 'time' \\\n",
    "        else x.std() / np.sqrt(x.size) * 100\n",
    "}\n",
    "\n",
    "df_results_agg = {}\n",
    "for s in stats:\n",
    "    df_results_agg[s] = df_results.groupby(['method'])[metrics].agg(stats_func[s]).reset_index()\n",
    "\n",
    "df_results_agg['Mean']"
   ]
  },
  {
   "cell_type": "markdown",
   "metadata": {},
   "source": [
    "# Format results\n",
    "## Estimation time"
   ]
  },
  {
   "cell_type": "code",
   "execution_count": 4,
   "metadata": {},
   "outputs": [
    {
     "data": {
      "text/html": [
       "<div>\n",
       "<style scoped>\n",
       "    .dataframe tbody tr th:only-of-type {\n",
       "        vertical-align: middle;\n",
       "    }\n",
       "\n",
       "    .dataframe tbody tr th {\n",
       "        vertical-align: top;\n",
       "    }\n",
       "\n",
       "    .dataframe thead tr th {\n",
       "        text-align: left;\n",
       "    }\n",
       "</style>\n",
       "<table border=\"1\" class=\"dataframe\">\n",
       "  <thead>\n",
       "    <tr>\n",
       "      <th></th>\n",
       "      <th>method</th>\n",
       "      <th colspan=\"2\" halign=\"left\">time</th>\n",
       "    </tr>\n",
       "    <tr>\n",
       "      <th></th>\n",
       "      <th>method</th>\n",
       "      <th>Mean</th>\n",
       "      <th>SE [\\%]</th>\n",
       "    </tr>\n",
       "  </thead>\n",
       "  <tbody>\n",
       "    <tr>\n",
       "      <th>0</th>\n",
       "      <td>MNL (MCMC)</td>\n",
       "      <td>89.034809</td>\n",
       "      <td>2.264767</td>\n",
       "    </tr>\n",
       "    <tr>\n",
       "      <th>1</th>\n",
       "      <td>MXL-inter (MCMC)</td>\n",
       "      <td>312.479245</td>\n",
       "      <td>5.960638</td>\n",
       "    </tr>\n",
       "    <tr>\n",
       "      <th>2</th>\n",
       "      <td>MXL-inter-intra (MCMC)</td>\n",
       "      <td>2971.485434</td>\n",
       "      <td>129.705320</td>\n",
       "    </tr>\n",
       "    <tr>\n",
       "      <th>3</th>\n",
       "      <td>MXL-inter-intra (MSL)</td>\n",
       "      <td>7389.498293</td>\n",
       "      <td>462.166560</td>\n",
       "    </tr>\n",
       "  </tbody>\n",
       "</table>\n",
       "</div>"
      ],
      "text/plain": [
       "                   method         time            \n",
       "                   method         Mean     SE [\\%]\n",
       "0              MNL (MCMC)    89.034809    2.264767\n",
       "1        MXL-inter (MCMC)   312.479245    5.960638\n",
       "2  MXL-inter-intra (MCMC)  2971.485434  129.705320\n",
       "3   MXL-inter-intra (MSL)  7389.498293  462.166560"
      ]
     },
     "execution_count": 4,
     "metadata": {},
     "output_type": "execute_result"
    }
   ],
   "source": [
    "metrics = ['time']\n",
    "methods = ['mcmc_flat', 'mcmc_inter', 'mcmc_intra', 'msle_intra']\n",
    "\n",
    "df_results_agg_mask = {k: v[v['method'].isin(methods)].copy().reset_index() \\\n",
    "                       for k, v in df_results_agg.items()}\n",
    "\n",
    "cols0 = [(i,i) for i in ['method']]\n",
    "cols1 = [(i,j) for i in metrics for j in stats]\n",
    "cols = [*cols0, *cols1]\n",
    "df_results_format = pd.DataFrame(columns=pd.MultiIndex.from_tuples(cols))\n",
    "for c in cols[:4]:\n",
    "    df_results_format[c] = df_results_agg_mask[stats[0]][c[0]]\n",
    "for m, s in it.product(metrics, stats):\n",
    "    df_results_format[(m,s)] = df_results_agg_mask[s][m]\n",
    "df_results_format[('method', 'method')].replace(methods_pretty, inplace=True)\n",
    "df_results_format "
   ]
  },
  {
   "cell_type": "code",
   "execution_count": 5,
   "metadata": {},
   "outputs": [],
   "source": [
    "latex = df_results_format.to_latex(escape=False, float_format=\"%.1f\", index=False)\n",
    "text_file = open(\"table_route_time.tex\", \"w\")\n",
    "text_file.write(latex)\n",
    "text_file.close()"
   ]
  },
  {
   "cell_type": "markdown",
   "metadata": {},
   "source": [
    "## Predictive accuracy"
   ]
  },
  {
   "cell_type": "code",
   "execution_count": 6,
   "metadata": {},
   "outputs": [
    {
     "data": {
      "text/html": [
       "<div>\n",
       "<style scoped>\n",
       "    .dataframe tbody tr th:only-of-type {\n",
       "        vertical-align: middle;\n",
       "    }\n",
       "\n",
       "    .dataframe tbody tr th {\n",
       "        vertical-align: top;\n",
       "    }\n",
       "\n",
       "    .dataframe thead tr th {\n",
       "        text-align: left;\n",
       "    }\n",
       "</style>\n",
       "<table border=\"1\" class=\"dataframe\">\n",
       "  <thead>\n",
       "    <tr>\n",
       "      <th></th>\n",
       "      <th>method</th>\n",
       "      <th colspan=\"2\" halign=\"left\">brierB_plugin</th>\n",
       "      <th colspan=\"2\" halign=\"left\">brierW_plugin</th>\n",
       "      <th colspan=\"2\" halign=\"left\">probB_chosen_plugin</th>\n",
       "      <th colspan=\"2\" halign=\"left\">probW_chosen_plugin</th>\n",
       "    </tr>\n",
       "    <tr>\n",
       "      <th></th>\n",
       "      <th>method</th>\n",
       "      <th>Mean</th>\n",
       "      <th>SE [\\%]</th>\n",
       "      <th>Mean</th>\n",
       "      <th>SE [\\%]</th>\n",
       "      <th>Mean</th>\n",
       "      <th>SE [\\%]</th>\n",
       "      <th>Mean</th>\n",
       "      <th>SE [\\%]</th>\n",
       "    </tr>\n",
       "  </thead>\n",
       "  <tbody>\n",
       "    <tr>\n",
       "      <th>0</th>\n",
       "      <td>MNL (MCMC)</td>\n",
       "      <td>0.221393</td>\n",
       "      <td>0.842852</td>\n",
       "      <td>0.214265</td>\n",
       "      <td>0.394856</td>\n",
       "      <td>0.561729</td>\n",
       "      <td>0.868387</td>\n",
       "      <td>0.570890</td>\n",
       "      <td>0.371029</td>\n",
       "    </tr>\n",
       "    <tr>\n",
       "      <th>1</th>\n",
       "      <td>MXL-inter (MCMC)</td>\n",
       "      <td>0.221667</td>\n",
       "      <td>0.844560</td>\n",
       "      <td>0.183322</td>\n",
       "      <td>0.417652</td>\n",
       "      <td>0.561311</td>\n",
       "      <td>0.882164</td>\n",
       "      <td>0.646561</td>\n",
       "      <td>0.371597</td>\n",
       "    </tr>\n",
       "    <tr>\n",
       "      <th>2</th>\n",
       "      <td>MXL-inter-intra (MCMC)</td>\n",
       "      <td>0.221595</td>\n",
       "      <td>0.856690</td>\n",
       "      <td>0.183380</td>\n",
       "      <td>0.421048</td>\n",
       "      <td>0.561162</td>\n",
       "      <td>0.894288</td>\n",
       "      <td>0.645620</td>\n",
       "      <td>0.394517</td>\n",
       "    </tr>\n",
       "  </tbody>\n",
       "</table>\n",
       "</div>"
      ],
      "text/plain": [
       "                   method brierB_plugin           brierW_plugin            \\\n",
       "                   method          Mean   SE [\\%]          Mean   SE [\\%]   \n",
       "0              MNL (MCMC)      0.221393  0.842852      0.214265  0.394856   \n",
       "1        MXL-inter (MCMC)      0.221667  0.844560      0.183322  0.417652   \n",
       "2  MXL-inter-intra (MCMC)      0.221595  0.856690      0.183380  0.421048   \n",
       "\n",
       "  probB_chosen_plugin           probW_chosen_plugin            \n",
       "                 Mean   SE [\\%]                Mean   SE [\\%]  \n",
       "0            0.561729  0.868387            0.570890  0.371029  \n",
       "1            0.561311  0.882164            0.646561  0.371597  \n",
       "2            0.561162  0.894288            0.645620  0.394517  "
      ]
     },
     "execution_count": 6,
     "metadata": {},
     "output_type": "execute_result"
    }
   ],
   "source": [
    "metrics = [\n",
    "    'brierB_plugin', 'brierW_plugin',\n",
    "    'probB_chosen_plugin', 'probW_chosen_plugin'\n",
    "    ]\n",
    "methods = ['mcmc_flat', 'mcmc_inter', 'mcmc_intra']\n",
    "\n",
    "df_results_agg_mask = {k: v[v['method'].isin(methods)].copy().reset_index() \\\n",
    "                       for k, v in df_results_agg.items()}\n",
    "\n",
    "cols0 = [(i,i) for i in ['method']]\n",
    "cols1 = [(i,j) for i in metrics for j in stats]\n",
    "cols = [*cols0, *cols1]\n",
    "df_results_format = pd.DataFrame(columns=pd.MultiIndex.from_tuples(cols))\n",
    "for c in cols[:4]:\n",
    "    df_results_format[c] = df_results_agg_mask[stats[0]][c[0]]\n",
    "for m, s in it.product(metrics, stats):\n",
    "    df_results_format[(m,s)] = df_results_agg_mask[s][m]\n",
    "df_results_format[('method', 'method')].replace(methods_pretty, inplace=True)\n",
    "df_results_format"
   ]
  },
  {
   "cell_type": "code",
   "execution_count": 7,
   "metadata": {},
   "outputs": [],
   "source": [
    "latex = df_results_format.to_latex(escape=False, float_format=\"%.3f\", index=False)\n",
    "text_file = open(\"table_route_pred.tex\", \"w\")\n",
    "text_file.write(latex)\n",
    "text_file.close()"
   ]
  },
  {
   "cell_type": "markdown",
   "metadata": {},
   "source": [
    "## Detailed estimation results"
   ]
  },
  {
   "cell_type": "code",
   "execution_count": 8,
   "metadata": {},
   "outputs": [],
   "source": [
    "methods = ['mcmc_flat', 'mcmc_inter', 'mcmc_intra', 'msle_intra']\n",
    "methods_pretty = {\n",
    "    'mcmc_flat': 'MNL (MCMC)',\n",
    "    'mcmc_inter': 'MXL-inter (MCMC)',\n",
    "    'mcmc_intra': 'MXL-inter-intra (MCMC)',\n",
    "    'msle_intra': 'MXL-inter-intra (MSL)'\n",
    "}\n",
    "r = 0\n",
    "\n",
    "results = {}\n",
    "for m in methods:\n",
    "    i += 1\n",
    "    \n",
    "    #Load results\n",
    "    filename = 'results_route_{}_r{}'.format(m,r)\n",
    "    try:\n",
    "        infile = open(filename, 'rb')\n",
    "        results[m] = pickle.load(infile)[1]\n",
    "        infile.close()\n",
    "    except:\n",
    "        print(filename, \" does not exist.\")"
   ]
  },
  {
   "cell_type": "code",
   "execution_count": 9,
   "metadata": {},
   "outputs": [
    {
     "data": {
      "text/plain": [
       "{'modelName': 'data_route_r0',\n",
       " 'seed': 4711,\n",
       " 'estimation_time': 6011.155552864075,\n",
       " 'drawsType': 'mlhs',\n",
       " 'nDraws_inter': 250,\n",
       " 'nDraws_intra': 250,\n",
       " 'drawsUc': None,\n",
       " 'drawsCo': None,\n",
       " 'logLik': array([-7157.11100752]),\n",
       " 'est': array([-0.73204893,  0.94909359, -0.30730537,  0.29391161,  0.34964226,\n",
       "         0.54635145,  0.9465566 ,  1.45959636,  0.36193963,  2.39589947,\n",
       "         0.32316756,  0.14371639,  0.03738956,  1.04889272, -0.13558034,\n",
       "        -0.08461333,  1.61795381, -0.08070528,  0.45041406,  2.17971699,\n",
       "         0.07699653,  0.18377545,  0.17385946,  0.3292001 , -1.55976666,\n",
       "         0.25774434,  0.69043605,  0.31262552,  0.34763593]),\n",
       " 'iHess': array([[ 5.94401609e-03, -6.87350532e-03,  2.03998588e-03,\n",
       "         -1.63203309e-03, -2.32749173e-03, -2.74718194e-03,\n",
       "         -6.47294495e-03, -1.01986303e-02, -2.45113850e-03,\n",
       "         -1.73635956e-02, -2.25660186e-03, -5.55779728e-04,\n",
       "          8.60765821e-05, -7.14518950e-03,  1.44356742e-03,\n",
       "          9.18473357e-04, -1.19776032e-02,  1.01099479e-03,\n",
       "         -3.37019724e-03, -1.87703630e-02, -5.08890018e-04,\n",
       "         -6.16238553e-04, -1.28832416e-03, -2.41176821e-04,\n",
       "          2.01334714e-02, -4.43832440e-03, -9.48785128e-03,\n",
       "         -6.61880362e-03, -4.70322751e-03],\n",
       "        [-6.87350532e-03,  1.48441326e-02, -3.80112539e-03,\n",
       "          2.65224599e-03,  4.24432457e-03,  5.89423915e-03,\n",
       "          1.30512393e-02,  2.00905192e-02,  4.45242741e-03,\n",
       "          3.31255030e-02,  3.94639681e-03,  1.71524631e-03,\n",
       "          1.68524855e-04,  1.46551541e-02, -3.08689153e-03,\n",
       "         -1.70867332e-03,  2.29946980e-02, -1.80320656e-03,\n",
       "          6.49926320e-03,  3.40313661e-02,  1.15590187e-03,\n",
       "          1.90854709e-03,  1.30844930e-03,  1.19111733e-03,\n",
       "         -4.09513923e-02,  7.09433300e-03,  1.98761667e-02,\n",
       "          8.27095211e-03,  1.19986743e-02],\n",
       "        [ 2.03998588e-03, -3.80112539e-03,  2.60342909e-03,\n",
       "         -7.69983634e-04, -1.16730635e-03, -1.55515879e-03,\n",
       "         -3.35552566e-03, -5.36131278e-03, -1.24920225e-03,\n",
       "         -8.84331498e-03, -7.84059392e-04, -3.39356766e-04,\n",
       "          1.19067538e-05, -3.82452444e-03,  7.95756423e-04,\n",
       "          5.91515301e-04, -6.42260031e-03,  6.14577581e-04,\n",
       "         -1.68313479e-03, -9.14653036e-03,  3.14324012e-04,\n",
       "         -2.74924090e-04, -4.11416236e-04, -5.55252307e-04,\n",
       "          1.10142331e-02, -1.72380278e-03, -5.98403490e-03,\n",
       "         -1.96994651e-03, -3.88327761e-03],\n",
       "        [-1.63203309e-03,  2.65224599e-03, -7.69983634e-04,\n",
       "          2.71244100e-03,  9.71837415e-04,  6.89232678e-04,\n",
       "          2.70813714e-03,  4.35197085e-03,  8.59607875e-04,\n",
       "          7.15456045e-03,  6.25921432e-04,  2.93783999e-04,\n",
       "          8.29888630e-05,  3.00810573e-03, -6.65783451e-04,\n",
       "         -1.81507958e-04,  4.82880789e-03, -3.81452314e-04,\n",
       "          1.46546727e-03,  7.97053490e-03, -8.78349223e-04,\n",
       "          7.48992723e-04,  1.19874599e-03,  7.35362065e-04,\n",
       "         -7.82368537e-03,  1.97904098e-03,  5.09544640e-03,\n",
       "          1.96721974e-03,  2.35969403e-03],\n",
       "        [-2.32749173e-03,  4.24432457e-03, -1.16730635e-03,\n",
       "          9.71837415e-04,  2.40473688e-03,  1.78743782e-03,\n",
       "          3.81844564e-03,  6.17260210e-03,  1.50698289e-03,\n",
       "          1.01704631e-02,  1.23232684e-03,  5.70155761e-04,\n",
       "          1.06157339e-05,  4.30186323e-03, -6.39900991e-04,\n",
       "         -5.52825658e-04,  6.94073658e-03, -5.87842612e-04,\n",
       "          2.07640160e-03,  1.07633521e-02,  1.25847452e-04,\n",
       "          1.13078996e-03,  3.29935155e-04,  3.19541995e-04,\n",
       "         -1.13817026e-02,  2.80093763e-03,  6.61114749e-03,\n",
       "          3.45183035e-03,  3.98989919e-03],\n",
       "        [-2.74718194e-03,  5.89423915e-03, -1.55515879e-03,\n",
       "          6.89232678e-04,  1.78743782e-03,  1.67575613e-02,\n",
       "          7.88628697e-03,  9.62252336e-03,  2.07572527e-03,\n",
       "          1.51240665e-02,  2.10334836e-03,  5.22873874e-03,\n",
       "          4.72398016e-04,  5.82639290e-03,  5.67256057e-04,\n",
       "         -1.24976302e-03,  9.81326515e-03, -7.40965075e-04,\n",
       "          2.67132256e-03,  1.49095138e-02,  4.17331126e-04,\n",
       "          4.83809368e-03,  1.30441587e-03, -1.62549163e-03,\n",
       "         -1.39761342e-02,  3.99815317e-03,  1.38976161e-02,\n",
       "          3.85509363e-04,  7.52041365e-03],\n",
       "        [-6.47294495e-03,  1.30512393e-02, -3.35552566e-03,\n",
       "          2.70813714e-03,  3.81844564e-03,  7.88628697e-03,\n",
       "          1.96486644e-02,  1.94410139e-02,  4.10259533e-03,\n",
       "          3.19903678e-02,  3.82257744e-03,  2.67076545e-03,\n",
       "         -5.25597649e-05,  1.16494658e-02,  4.98149003e-04,\n",
       "         -1.31322273e-03,  2.28477182e-02, -1.35068380e-03,\n",
       "          6.45397835e-03,  3.34880744e-02,  2.03014753e-03,\n",
       "          2.44034358e-03,  1.02574475e-03, -4.32500518e-03,\n",
       "         -3.37929509e-02,  1.01993813e-02,  3.11979513e-02,\n",
       "          9.23548475e-03,  8.35138434e-03],\n",
       "        [-1.01986303e-02,  2.00905192e-02, -5.36131278e-03,\n",
       "          4.35197085e-03,  6.17260210e-03,  9.62252336e-03,\n",
       "          1.94410139e-02,  3.86225604e-02,  6.24417903e-03,\n",
       "          4.96902954e-02,  6.38918233e-03,  3.14748111e-03,\n",
       "          2.32149484e-04,  2.17510585e-02, -2.49966935e-03,\n",
       "         -2.21512803e-03,  2.97542298e-02, -1.93648815e-03,\n",
       "          1.01272523e-02,  5.09376392e-02,  2.21442414e-03,\n",
       "          4.26432967e-03,  3.21824504e-03, -1.27448431e-03,\n",
       "         -5.75756334e-02,  9.43525144e-03,  3.62989979e-02,\n",
       "          7.03525180e-03,  2.22197266e-02],\n",
       "        [-2.45113850e-03,  4.45242741e-03, -1.24920225e-03,\n",
       "          8.59607875e-04,  1.50698289e-03,  2.07572527e-03,\n",
       "          4.10259533e-03,  6.24417903e-03,  3.46855190e-03,\n",
       "          1.10042857e-02,  1.40661834e-03,  6.15725235e-04,\n",
       "          1.50419224e-04,  4.83078305e-03, -1.25637416e-03,\n",
       "         -4.68237329e-04,  7.86129760e-03,  5.59730131e-04,\n",
       "          1.91039450e-03,  1.10342495e-02,  4.19989060e-06,\n",
       "         -4.66458693e-05,  1.34094579e-03,  1.34512787e-03,\n",
       "         -1.18164156e-02,  2.21427882e-03,  9.29931657e-03,\n",
       "          6.14246757e-03,  2.42585380e-03],\n",
       "        [-1.73635956e-02,  3.31255030e-02, -8.84331498e-03,\n",
       "          7.15456045e-03,  1.01704631e-02,  1.51240665e-02,\n",
       "          3.19903678e-02,  4.96902954e-02,  1.10042857e-02,\n",
       "          8.79354140e-02,  1.12953289e-02,  3.51818387e-03,\n",
       "          1.54472619e-04,  3.48488413e-02, -6.94020567e-03,\n",
       "         -3.38790722e-03,  5.59284900e-02, -4.11079514e-03,\n",
       "          1.62428223e-02,  8.87340232e-02,  3.75025533e-03,\n",
       "          3.87790382e-03,  3.99169797e-03,  3.62885209e-03,\n",
       "         -9.85071505e-02,  1.65002461e-02,  4.28777607e-02,\n",
       "          2.11623303e-02,  2.95464897e-02],\n",
       "        [-2.25660186e-03,  3.94639681e-03, -7.84059392e-04,\n",
       "          6.25921432e-04,  1.23232684e-03,  2.10334836e-03,\n",
       "          3.82257744e-03,  6.38918233e-03,  1.40661834e-03,\n",
       "          1.12953289e-02,  1.30930432e-02, -8.39471763e-04,\n",
       "         -2.49432181e-04,  2.64591008e-03, -4.58061018e-04,\n",
       "         -1.82045931e-04,  6.93867148e-03, -6.81610280e-04,\n",
       "          1.89599644e-03,  1.04023083e-02,  7.95707464e-03,\n",
       "         -3.37868985e-03,  7.19069308e-05,  5.65604770e-04,\n",
       "         -1.32034020e-02,  3.22646484e-03,  4.35672825e-03,\n",
       "          7.11546953e-03, -7.94712006e-04],\n",
       "        [-5.55779728e-04,  1.71524631e-03, -3.39356766e-04,\n",
       "          2.93783999e-04,  5.70155761e-04,  5.22873874e-03,\n",
       "          2.67076545e-03,  3.14748111e-03,  6.15725235e-04,\n",
       "          3.51818387e-03, -8.39471763e-04,  1.30811374e-02,\n",
       "          1.71156454e-04,  2.49614082e-03,  9.22250753e-04,\n",
       "         -1.57691897e-04,  2.59606378e-03,  1.18436201e-04,\n",
       "          9.02606639e-04,  3.39850722e-03, -2.23483218e-03,\n",
       "          8.31302660e-03,  3.52107277e-04, -1.71367565e-03,\n",
       "         -2.23658556e-03,  1.30401238e-03,  5.82403008e-03,\n",
       "         -1.14192824e-03,  4.12102334e-03],\n",
       "        [ 8.60765821e-05,  1.68524855e-04,  1.19067538e-05,\n",
       "          8.29888630e-05,  1.06157339e-05,  4.72398016e-04,\n",
       "         -5.25597649e-05,  2.32149484e-04,  1.50419224e-04,\n",
       "          1.54472619e-04, -2.49432181e-04,  1.71156454e-04,\n",
       "          2.78395489e-03,  4.32801263e-04,  5.53000812e-05,\n",
       "         -3.32255435e-04,  1.66448917e-04,  1.28697193e-05,\n",
       "         -4.27664919e-05,  3.61860486e-04, -7.79461906e-04,\n",
       "         -1.01479673e-04,  1.69181336e-03, -2.30039581e-04,\n",
       "         -2.56431045e-03, -1.37333302e-03, -4.90654677e-03,\n",
       "         -2.17172655e-04,  3.56929810e-04],\n",
       "        [-7.14518950e-03,  1.46551541e-02, -3.82452444e-03,\n",
       "          3.00810573e-03,  4.30186323e-03,  5.82639290e-03,\n",
       "          1.16494658e-02,  2.17510585e-02,  4.83078305e-03,\n",
       "          3.48488413e-02,  2.64591008e-03,  2.49614082e-03,\n",
       "          4.32801263e-04,  2.45041003e-02, -1.68326261e-03,\n",
       "         -1.38335661e-03,  2.37909562e-02, -2.13927496e-03,\n",
       "          7.02996752e-03,  3.49347047e-02, -4.09994328e-05,\n",
       "          3.02180269e-03,  2.00655767e-03,  1.65871141e-03,\n",
       "         -4.85929187e-02,  3.75319051e-03,  1.00826216e-02,\n",
       "          6.99617989e-03,  1.50973578e-02],\n",
       "        [ 1.44356742e-03, -3.08689153e-03,  7.95756423e-04,\n",
       "         -6.65783451e-04, -6.39900991e-04,  5.67256057e-04,\n",
       "          4.98149003e-04, -2.49966935e-03, -1.25637416e-03,\n",
       "         -6.94020567e-03, -4.58061018e-04,  9.22250753e-04,\n",
       "          5.53000812e-05, -1.68326261e-03,  2.41746861e-02,\n",
       "         -1.55237408e-03, -2.24591055e-03, -3.67073188e-04,\n",
       "         -1.49947774e-03, -6.01727720e-03,  3.66958625e-04,\n",
       "         -3.13978155e-04, -1.68518256e-03, -1.14577206e-02,\n",
       "          3.60137459e-03, -2.34133112e-03, -1.48897636e-02,\n",
       "          3.50648232e-03, -4.63418789e-03],\n",
       "        [ 9.18473357e-04, -1.70867332e-03,  5.91515301e-04,\n",
       "         -1.81507958e-04, -5.52825658e-04, -1.24976302e-03,\n",
       "         -1.31322273e-03, -2.21512803e-03, -4.68237329e-04,\n",
       "         -3.38790722e-03, -1.82045931e-04, -1.57691897e-04,\n",
       "         -3.32255435e-04, -1.38335661e-03, -1.55237408e-03,\n",
       "          4.63651134e-03, -3.16227943e-03,  1.88827651e-04,\n",
       "         -7.93402451e-05, -3.55681800e-03, -1.44378586e-04,\n",
       "          4.92092253e-04, -1.89418335e-05,  9.23117889e-04,\n",
       "          2.93115569e-03, -1.77310452e-03, -6.13345147e-03,\n",
       "         -9.17237810e-04, -9.21135325e-04],\n",
       "        [-1.19776032e-02,  2.29946980e-02, -6.42260031e-03,\n",
       "          4.82880789e-03,  6.94073658e-03,  9.81326515e-03,\n",
       "          2.28477182e-02,  2.97542298e-02,  7.86129760e-03,\n",
       "          5.59284900e-02,  6.93867148e-03,  2.59606378e-03,\n",
       "          1.66448917e-04,  2.37909562e-02, -2.24591055e-03,\n",
       "         -3.16227943e-03,  4.49612304e-02, -3.20477198e-03,\n",
       "          1.07108389e-02,  5.89313261e-02,  2.03571074e-03,\n",
       "          1.16424274e-03,  2.46017434e-03,  1.89797089e-03,\n",
       "         -7.25013437e-02,  1.16213735e-02,  2.23404617e-02,\n",
       "          2.04075938e-02,  1.54596247e-02],\n",
       "        [ 1.01099479e-03, -1.80320656e-03,  6.14577581e-04,\n",
       "         -3.81452314e-04, -5.87842612e-04, -7.40965075e-04,\n",
       "         -1.35068380e-03, -1.93648815e-03,  5.59730131e-04,\n",
       "         -4.11079514e-03, -6.81610280e-04,  1.18436201e-04,\n",
       "          1.28697193e-05, -2.13927496e-03, -3.67073188e-04,\n",
       "          1.88827651e-04, -3.20477198e-03,  4.15761036e-03,\n",
       "         -5.24556217e-04, -4.23516263e-03, -1.49244308e-03,\n",
       "          8.93257256e-04,  7.02596721e-04, -5.53561502e-04,\n",
       "          5.72180001e-03, -3.27365966e-03, -8.07489063e-04,\n",
       "         -1.00067862e-03, -2.04662388e-03],\n",
       "        [-3.37019724e-03,  6.49926320e-03, -1.68313479e-03,\n",
       "          1.46546727e-03,  2.07640160e-03,  2.67132256e-03,\n",
       "          6.45397835e-03,  1.01272523e-02,  1.91039450e-03,\n",
       "          1.62428223e-02,  1.89599644e-03,  9.02606639e-04,\n",
       "         -4.27664919e-05,  7.02996752e-03, -1.49947774e-03,\n",
       "         -7.93402451e-05,  1.07108389e-02, -5.24556217e-04,\n",
       "          5.23266183e-03,  1.67526611e-02,  6.17357083e-04,\n",
       "          8.96325163e-04,  9.64479167e-04,  2.71964363e-04,\n",
       "         -1.86696832e-02,  3.59990094e-03,  9.16984371e-03,\n",
       "          4.49495997e-03,  5.62602074e-03],\n",
       "        [-1.87703630e-02,  3.40313661e-02, -9.14653036e-03,\n",
       "          7.97053490e-03,  1.07633521e-02,  1.49095138e-02,\n",
       "          3.34880744e-02,  5.09376392e-02,  1.10342495e-02,\n",
       "          8.87340232e-02,  1.04023083e-02,  3.39850722e-03,\n",
       "          3.61860486e-04,  3.49347047e-02, -6.01727720e-03,\n",
       "         -3.55681800e-03,  5.89313261e-02, -4.23516263e-03,\n",
       "          1.67526611e-02,  1.13929448e-01,  4.24743058e-03,\n",
       "          4.04082262e-03,  5.29202984e-03,  3.53035495e-03,\n",
       "         -1.01528088e-01,  1.24124866e-02,  2.34967422e-02,\n",
       "          2.39676900e-02,  2.51310396e-02],\n",
       "        [-5.08890018e-04,  1.15590187e-03,  3.14324012e-04,\n",
       "         -8.78349223e-04,  1.25847452e-04,  4.17331126e-04,\n",
       "          2.03014753e-03,  2.21442414e-03,  4.19989060e-06,\n",
       "          3.75025533e-03,  7.95707464e-03, -2.23483218e-03,\n",
       "         -7.79461906e-04, -4.09994328e-05,  3.66958625e-04,\n",
       "         -1.44378586e-04,  2.03571074e-03, -1.49244308e-03,\n",
       "          6.17357083e-04,  4.24743058e-03,  3.95026823e-02,\n",
       "         -1.41656257e-02, -2.96426174e-03,  2.82358109e-03,\n",
       "         -3.11467331e-03,  3.80088417e-03,  4.02093923e-03,\n",
       "          9.73868438e-03, -1.28972335e-02],\n",
       "        [-6.16238553e-04,  1.90854709e-03, -2.74924090e-04,\n",
       "          7.48992723e-04,  1.13078996e-03,  4.83809368e-03,\n",
       "          2.44034358e-03,  4.26432967e-03, -4.66458693e-05,\n",
       "          3.87790382e-03, -3.37868985e-03,  8.31302660e-03,\n",
       "         -1.01479673e-04,  3.02180269e-03, -3.13978155e-04,\n",
       "          4.92092253e-04,  1.16424274e-03,  8.93257256e-04,\n",
       "          8.96325163e-04,  4.04082262e-03, -1.41656257e-02,\n",
       "          5.19455464e-02, -2.17366489e-03, -1.79492684e-03,\n",
       "          6.91630758e-03,  3.04597261e-03,  1.96622295e-02,\n",
       "         -1.16084841e-02,  1.10417207e-02],\n",
       "        [-1.28832416e-03,  1.30844930e-03, -4.11416236e-04,\n",
       "          1.19874599e-03,  3.29935155e-04,  1.30441587e-03,\n",
       "          1.02574475e-03,  3.21824504e-03,  1.34094579e-03,\n",
       "          3.99169797e-03,  7.19069308e-05,  3.52107277e-04,\n",
       "          1.69181336e-03,  2.00655767e-03, -1.68518256e-03,\n",
       "         -1.89418335e-05,  2.46017434e-03,  7.02596721e-04,\n",
       "          9.64479167e-04,  5.29202984e-03, -2.96426174e-03,\n",
       "         -2.17366489e-03,  1.99446062e-02, -2.74237355e-04,\n",
       "         -9.17081478e-03, -4.24719482e-03, -7.77529613e-03,\n",
       "         -2.27393519e-03,  1.96388498e-03],\n",
       "        [-2.41176821e-04,  1.19111733e-03, -5.55252307e-04,\n",
       "          7.35362065e-04,  3.19541995e-04, -1.62549163e-03,\n",
       "         -4.32500518e-03, -1.27448431e-03,  1.34512787e-03,\n",
       "          3.62885209e-03,  5.65604770e-04, -1.71367565e-03,\n",
       "         -2.30039581e-04,  1.65871141e-03, -1.14577206e-02,\n",
       "          9.23117889e-04,  1.89797089e-03, -5.53561502e-04,\n",
       "          2.71964363e-04,  3.53035495e-03,  2.82358109e-03,\n",
       "         -1.79492684e-03, -2.74237355e-04,  5.71002479e-02,\n",
       "          4.42197517e-02,  2.23144125e-02,  1.01237234e-01,\n",
       "         -1.09250027e-02, -8.48224727e-03],\n",
       "        [ 2.01334714e-02, -4.09513923e-02,  1.10142331e-02,\n",
       "         -7.82368537e-03, -1.13817026e-02, -1.39761342e-02,\n",
       "         -3.37929509e-02, -5.75756334e-02, -1.18164156e-02,\n",
       "         -9.85071505e-02, -1.32034020e-02, -2.23658556e-03,\n",
       "         -2.56431045e-03, -4.85929187e-02,  3.60137459e-03,\n",
       "          2.93115569e-03, -7.25013437e-02,  5.72180001e-03,\n",
       "         -1.86696832e-02, -1.01528088e-01, -3.11467331e-03,\n",
       "          6.91630758e-03, -9.17081478e-03,  4.42197517e-02,\n",
       "          3.97532783e-01,  1.09624103e-01,  5.16273409e-01,\n",
       "         -9.80590781e-02, -4.42724663e-02],\n",
       "        [-4.43832440e-03,  7.09433300e-03, -1.72380278e-03,\n",
       "          1.97904098e-03,  2.80093763e-03,  3.99815317e-03,\n",
       "          1.01993813e-02,  9.43525144e-03,  2.21427882e-03,\n",
       "          1.65002461e-02,  3.22646484e-03,  1.30401238e-03,\n",
       "         -1.37333302e-03,  3.75319051e-03, -2.34133112e-03,\n",
       "         -1.77310452e-03,  1.16213735e-02, -3.27365966e-03,\n",
       "          3.59990094e-03,  1.24124866e-02,  3.80088417e-03,\n",
       "          3.04597261e-03, -4.24719482e-03,  2.23144125e-02,\n",
       "          1.09624103e-01,  1.39133197e-01,  2.91358193e-01,\n",
       "          9.10934792e-02, -1.44115523e-01],\n",
       "        [-9.48785128e-03,  1.98761667e-02, -5.98403490e-03,\n",
       "          5.09544640e-03,  6.61114749e-03,  1.38976161e-02,\n",
       "          3.11979513e-02,  3.62989979e-02,  9.29931657e-03,\n",
       "          4.28777607e-02,  4.35672825e-03,  5.82403008e-03,\n",
       "         -4.90654677e-03,  1.00826216e-02, -1.48897636e-02,\n",
       "         -6.13345147e-03,  2.23404617e-02, -8.07489063e-04,\n",
       "          9.16984371e-03,  2.34967422e-02,  4.02093923e-03,\n",
       "          1.96622295e-02, -7.77529613e-03,  1.01237234e-01,\n",
       "          5.16273409e-01,  2.91358193e-01,  1.30324531e+00,\n",
       "         -1.56032923e-01, -2.22018972e-02],\n",
       "        [-6.61880362e-03,  8.27095211e-03, -1.96994651e-03,\n",
       "          1.96721974e-03,  3.45183035e-03,  3.85509363e-04,\n",
       "          9.23548475e-03,  7.03525180e-03,  6.14246757e-03,\n",
       "          2.11623303e-02,  7.11546953e-03, -1.14192824e-03,\n",
       "         -2.17172655e-04,  6.99617989e-03,  3.50648232e-03,\n",
       "         -9.17237810e-04,  2.04075938e-02, -1.00067862e-03,\n",
       "          4.49495997e-03,  2.39676900e-02,  9.73868438e-03,\n",
       "         -1.16084841e-02, -2.27393519e-03, -1.09250027e-02,\n",
       "         -9.80590781e-02,  9.10934792e-02, -1.56032923e-01,\n",
       "          3.18548022e-01, -3.06918144e-01],\n",
       "        [-4.70322751e-03,  1.19986743e-02, -3.88327761e-03,\n",
       "          2.35969403e-03,  3.98989919e-03,  7.52041365e-03,\n",
       "          8.35138434e-03,  2.22197266e-02,  2.42585380e-03,\n",
       "          2.95464897e-02, -7.94712006e-04,  4.12102334e-03,\n",
       "          3.56929810e-04,  1.50973578e-02, -4.63418789e-03,\n",
       "         -9.21135325e-04,  1.54596247e-02, -2.04662388e-03,\n",
       "          5.62602074e-03,  2.51310396e-02, -1.28972335e-02,\n",
       "          1.10417207e-02,  1.96388498e-03, -8.48224727e-03,\n",
       "         -4.42724663e-02, -1.44115523e-01, -2.22018972e-02,\n",
       "         -3.06918144e-01,  4.19925726e-01]]),\n",
       " 'paramFix_est': array([-0.73204893,  0.94909359, -0.30730537,  0.29391161,  0.34964226]),\n",
       " 'paramFix_se': array([0.07709745, 0.1218365 , 0.05102381, 0.0520811 , 0.04903812]),\n",
       " 'paramFix_zVal': array([-9.49511263,  7.78989544, -6.02278376,  5.64334489,  7.13001004]),\n",
       " 'paramFix_pVal': array([2.19973442e-21, 6.70646700e-15, 1.71442430e-09, 1.66777779e-08,\n",
       "        1.00361610e-12]),\n",
       " 'pd_paramFix':        est.  std. err.    z-val.        p-val.\n",
       " 0 -0.732049   0.077097 -9.495113  2.199734e-21\n",
       " 1  0.949094   0.121836  7.789895  6.706467e-15\n",
       " 2 -0.307305   0.051024 -6.022784  1.714424e-09\n",
       " 3  0.293912   0.052081  5.643345  1.667778e-08\n",
       " 4  0.349642   0.049038  7.130010  1.003616e-12,\n",
       " 'paramRndUc_mu_est': None,\n",
       " 'paramRndUc_mu_se': None,\n",
       " 'paramRndUc_mu_zVal': None,\n",
       " 'paramRndUc_mu_pVal': None,\n",
       " 'pd_paramRndUc_mu': None,\n",
       " 'paramRndUc_sd_est': None,\n",
       " 'paramRndUc_sd_se': None,\n",
       " 'paramRndUc_sd_zVal': None,\n",
       " 'paramRndUc_sd_pVal': None,\n",
       " 'pd_paramRndUc_sd': None,\n",
       " 'paramRndCo_mu_est': None,\n",
       " 'paramRndCo_mu_se': None,\n",
       " 'paramRndCo_mu_zVal': None,\n",
       " 'paramRndCo_mu_pVal': None,\n",
       " 'pd_paramRndCo_mu': None,\n",
       " 'paramRndCo_ch_est': None,\n",
       " 'paramRndCo_ch_se': None,\n",
       " 'paramRndCo_ch_pVal': None,\n",
       " 'pd_paramRndCo_ch': None,\n",
       " 'paramRnd2Uc_mu_est': None,\n",
       " 'paramRnd2Uc_mu_se': None,\n",
       " 'paramRnd2Uc_mu_zVal': None,\n",
       " 'paramRnd2Uc_mu_pVal': None,\n",
       " 'pd_paramRnd2Uc_mu': None,\n",
       " 'paramRnd2Uc_sdB_est': None,\n",
       " 'paramRnd2Uc_sdB_se': None,\n",
       " 'paramRnd2Uc_sdB_zVal': None,\n",
       " 'paramRnd2Uc_sdB_pVal': None,\n",
       " 'pd_paramRnd2Uc_sdB': None,\n",
       " 'paramRnd2Uc_sdW_est': None,\n",
       " 'paramRnd2Uc_sdW_se': None,\n",
       " 'paramRnd2Uc_sdW_zVal': None,\n",
       " 'paramRnd2Uc_sdW_pVal': None,\n",
       " 'pd_paramRnd2Uc_sdW': None,\n",
       " 'paramRnd2Co_mu_est': array([0.54635145, 0.9465566 , 1.45959636, 0.36193963]),\n",
       " 'paramRnd2Co_mu_se': array([0.129451  , 0.14017369, 0.19652623, 0.05889441]),\n",
       " 'paramRnd2Co_mu_zVal': array([4.22052709, 6.75274062, 7.42697974, 6.14556816]),\n",
       " 'paramRnd2Co_mu_pVal': array([2.43731766e-05, 1.45078176e-11, 1.11105367e-13, 7.96777904e-10]),\n",
       " 'pd_paramRnd2Co_mu':        est.  std. err.    z-val.        p-val.\n",
       " 0  0.546351   0.129451  4.220527  2.437318e-05\n",
       " 1  0.946557   0.140174  6.752741  1.450782e-11\n",
